474333659525152788 1644816906
589772755709329419 1644793007
439450649738870796 1644679946
295578379107827722 1644578792
293767792866492417 1644799939
689715116417089552 1644579160
686599022731067468 1644784835
471652213660319744 1644672035
678110585849905163 1644595006
555723150713683968 1644799926
265147486002216961 1644813976
301871663589490698 1644814010
473072660486553621 1644654155
675541060604133376 1644648948
529337894154928128 1644649021
188491064183750656 1644658056
395044729605324800 1644799317
419300802633531402 1644800180
