474333659525152788 13875000
295578379107827722 15050000
806509006503149578 127111
589772755709329419 0
426024010195927041 250000
471652213660319744 0
439450649738870796 150000
529337894154928128 400000
757249447574110370 250000
293767792866492417 0
265147486002216961 4200000
555723150713683968 625000
188491064183750656 38250000
395044729605324800 300000
678110585849905163 2022162
422006351972270093 250000
689715116417089552 400000
686599022731067468 1300000
675541060604133376 617087
473072660486553621 19850000
522019089179344896 800000
301871663589490698 175000
419300802633531402 0
355333025480835074 19000
